100
87 17 762729401
11216959 465138456 512097101 651317933 692749607 722708078 734069499 740808876 746876466 758525548 762402894 762625293 762718408 762728531 762729229 762729334 762729388
39 18 402010837
235961005 300160851 310393465 374867906 383256646 396762285 401237384 401955197 401976749 401979370 401999979 402007996 402008434 402008789 402010155 402010579 402010792 402010803
40 9 239902578
230020601 230782975 231755000 239828571 239866623 239868948 239902020 239902169 239902495
50 4 19002996
59 3040 155011 7905502
48 16 550773745
279248876 393220209 527058482 538603220 542681802 548842286 549083174 550423907 550555496 550638640 550735545 550772810 550773729 550773737 550773742 550773745
6 9 475358575
64 410 2892 20277 141915 993410 6953889 48677156 340740094
7 14 383975212
304965292 364742213 381353851 383691578 383802766 383847937 383935806 383964730 383971548 383974474 383974820 383974935 383975060 383975174
1 5 16
1 2 4 8 16
76 5 756571298
12 924 71169 5480014 421961079
18 16 832028571
84151611 588484529 802540801 808327824 830481377 830887200 831706052 832000062 832010399 832023072 832026344 832027148 832027593 832027693 832028442 832028556
6 9 497704181
48 323 2238 15698 109847 769005 5382984 37680909 263766315
59 15 393103369
392164370 392436438 392970935 393001708 393063762 393100136 393101319 393101742 393103083 393103283 393103329 393103362 393103364 393103366 393103369
1 1 30
30
56 4 358874101
65 3679 209719 11953970
63 4 177746609
24 1594 101961 6525546
1 3 6
1 2 5
12 19 690051954
488409409 670977379 671719653 687777683 687871716 689860972 689918695 690012349 690027748 690034698 690037402 690050449 690051772 690051785 690051928 690051932 690051940 690051949 690051953
57 16 981039077
146323006 938300377 959778308 963894183 963918405 978985947 980554549 980988128 981033755 981033986 981035698 981037605 981038056 981038590 981038737 981039049
94 14 911736776
884833000 885646786 892195232 901278494 906077908 908157147 911220924 911586621 911600952 911718181 911735012 911735315 911736659 911736775
34 20 746726844
547725586 623361129 672457314 726816397 740511484 744384990 744589205 745565246 745596423 745760277 746415976 746581379 746701102 746725608 746725789 746726290 746726557 746726687 746726769 746726818
20 19 631971172
115016546 254219846 355655519 555923769 596116507 608626505 615021796 621426792 626021146 628587256 629984830 630740971 631506010 631966650 631967307 631970766 631971066 631971154 631971157
83 22 289851915
15342320 168557350 174510170 174690972 267104607 267540681 279677371 281886360 283583581 284563685 285864063 288987122 289374911 289630339 289792466 289828126 289832982 289849210 289851578 289851875 289851899 289851915
8 8 364630755
5 72 715 6425 57760 519905 4679093 42111889
100 100 1000000000
999999901 999999902 999999903 999999904 999999905 999999906 999999907 999999908 999999909 999999910 999999911 999999912 999999913 999999914 999999915 999999916 999999917 999999918 999999919 999999920 999999921 999999922 999999923 999999924 999999925 999999926 999999927 999999928 999999929 999999930 999999931 999999932 999999933 999999934 999999935 999999936 999999937 999999938 999999939 999999940 999999941 999999942 999999943 999999944 999999945 999999946 999999947 999999948 999999949 999999950 999999951 999999952 999999953 999999954 999999955 999999956 999999957 999999958 999999959 999999960 999999961 999999962 999999963 999999964 999999965 999999966 999999967 999999968 999999969 999999970 999999971 999999972 999999973 999999974 999999975 999999976 999999977 999999978 999999979 999999980 999999981 999999982 999999983 999999984 999999985 999999986 999999987 999999988 999999989 999999990 999999991 999999992 999999993 999999994 999999995 999999996 999999997 999999998 999999999 1000000000
1 2 3
1 2
1 1 1000000000
1000000
3 13 983707061
46 141 588 2359 9483 37932 151706 606848 2427390 9709520 38838048 155352234 621408963
56 15 192879888
15692525 73569842 190261162 190737760 191053661 192722180 192795037 192876080 192876941 192879035 192879175 192879875 192879882 192879887 192879888
48 4 31567643
67 3310 162170 7946280
6 8 498212843
99 687 4752 33268 232842 1629946 11409604 79867209
36 13 850032009
592412478 769234322 777303419 832517201 843991245 849784778 849815298 849987095 849989554 850005371 850030844 850031885 850031943
1 6 100
1 5 10 25 50 100
72 18 734631538
314903337 703493633 730281754 733679161 734324013 734588105 734607667 734621155 734630401 734631127 734631260 734631518 734631527 734631531 734631535 734631536 734631537 734631538
35 13 114836548
66614055 99120057 113655902 114211021 114307655 114464584 114477189 114804500 114832823 114833287 114835518 114836394 114836518
83 4 739471243
61 5104 428724 36012841
4 10 84331066
34 201 996 5002 24999 124949 624755 3123822 15619045 78095249
1 4 16
1 2 4 8
65 22 282826992
83830923 206254820 238815874 264469146 273593978 275019108 281027941 281737176 282043070 282522353 282806524 282811030 282819788 282824917 282826730 282826832 282826929 282826975 282826977 282826978 282826991 282826992
2 1 3
3
74 3 5109391
16 1241 93081
2 16 750651902
715005800 738200248 746913423 747706191 750012294 750089069 750630600 750636901 750641856 750651673 750651767 750651772 750651839 750651896 750651899 750651902
100 4 391810458
87 8721 880808 88961615
79 4 86882544
5 486 38805 3104472
1 2 27
3 7
72 4 83049517
64 4651 339508 24784104
89 3 20200603
95 8548 769320
95 12 134984176
14184967 39581241 129750983 133199371 134658178 134732553 134772307 134977712 134983860 134983883 134984047 134984148
47 20 378460966
294205839 365623007 371715754 377309983 377491187 378369493 378413252 378415111 378416453 378430350 378437502 378442645 378460335 378460621 378460699 378460819 378460958 378460963 378460965 378460966
9 8 576576235
27 264 2629 26357 263531 2635306 26353112 263531102
64 24 941071683
523597931 779411980 801379678 832527677 862559422 926435386 935438792 936682429 938025294 939425573 940460341 940956033 941058447 941067138 941068041 941071224 941071605 941071619 941071660 941071671 941071678 941071680 941071682 941071683
74 22 817585288
260062515 629700235 632695027 763352477 767994252 773929392 776444841 794092529 812710744 813413468 813700418 817028890 817215198 817345658 817533153 817577250 817581081 817582209 817584739 817584795 817585127 817585287
1 5 30
1 2 4 8 15
28 16 646828245
453553399 642197562 644222546 646575859 646756232 646768855 646782198 646806311 646824764 646824944 646825672 646827430 646828227 646828241 646828244 646828245
33 19 265042632
132177177 227531962 243854415 264459534 264493486 264839600 265021894 265040614 265040616 265041394 265042267 265042483 265042571 265042610 265042622 265042625 265042628 265042629 265042632
22 5 440971402
87 1982 45609 1049003 24127044
13 15 421344489
32620008 298540242 335779114 398287005 415420761 421307220 421341093 421344018 421344246 421344356 421344464 421344479 421344486 421344488 421344489
76 13 391256850
84005209 275876839 301301743 346572558 390173226 390766553 391160564 391189489 391246295 391255979 391256746 391256782 391256849
6 8 106337587
39 297 2094 14603 102199 715469 5008281 35057947
86 22 105059520
36388243 90087958 95458523 99175863 103629398 104323645 104761902 104984307 105030098 105048564 105058693 105059167 105059299 105059340 105059428 105059452 105059461 105059477 105059506 105059513 105059517 105059520
23 22 348590398
121338057 238304057 304072317 312685779 323238378 323527334 338813198 341950696 346904221 347521166 347884389 348079164 348422640 348512734 348557972 348572019 348578988 348582362 348590112 348590263 348590389 348590398
1 1 1000000000
10000
25 20 635889714
399559535 545580259 629635572 630359579 631450828 635544708 635565598 635619124 635820757 635887401 635888072 635889349 635889492 635889517 635889538 635889679 635889684 635889708 635889712 635889714
82 16 469565898
178706211 236163210 349053001 469087750 469483469 469513999 469541535 469554019 469564760 469565717 469565882 469565884 469565893 469565896 469565897 469565898
1 5 100
3 6 12 25 51
3 11 75989222
30 134 527 2117 8475 33934 135711 542831 2171354 8685389 34741574
72 23 123838563
71755048 106634163 117287063 121776258 123202010 123654192 123664930 123675542 123683301 123801372 123817467 123828664 123829770 123830052 123830633 123830786 123832719 123833711 123836654 123837708 123838095 123838444 123838546
6 7 31565674
66 414 2936 20539 143760 1006373 7044617
8 8 52268111
5 90 836 7478 67353 606104 5455002 49094963
84 24 402286184
114312659 191483957 282593421 319872601 369631452 390374271 398294014 401145245 401567256 402170710 402256728 402261380 402284348 402285199 402285651 402285654 402285755 402285974 402286094 402286159 402286162 402286169 402286179 402286184
69 3 747893
87 6052 423604
24 5 466210881
62 1499 37503 937539 23438527
82 4 162820761
10 832 69105 5735735
1 1 2
1
5 8 82739243
86 500 2947 17694 106146 636946 3821685 22930036
24 18 702685211
265699042 460214456 573675666 673097433 686616302 697939232 699586192 699758517 702082631 702499966 702587031 702659226 702670390 702675859 702681249 702685132 702685207 702685210
3 11 51978424
13 98 343 1452 5792 23126 92519 370037 1480219 5920895 23683546
42 13 659761574
39188340 518697875 601721410 655946854 659480733 659567800 659677031 659707125 659735070 659761119 659761388 659761495 659761518
10 6 20800240
82 898 9864 108526 1193710 13130852
96 3 62342206
96 9288 900908
68 24 736520351
254734894 452713447 585626333 659189122 702284275 704529245 723046039 732558392 734307294 736368671 736495766 736496944 736512473 736512706 736518630 736519816 736520028 736520189 736520300 736520329 736520332 736520341 736520350 736520351
2 4 64
1 2 7 63
6 8 95347045
80 507 3542 24803 173642 1215464 8508260 59557829
66 4 139949282
84 5549 371799 24910581
32 19 939719179
466193001 800491874 837571672 934011981 939297769 939517962 939525447 939542583 939651565 939667556 939679058 939716483 939716673 939718322 939718565 939718892 939718998 939719123 939719173
1 2 18
4 9
69 3 13181700
53 3691 258390
59 20 404253102
309797696 360144849 388878197 401190340 403697209 403891689 403953067 404129205 404185268 404188911 404222420 404239518 404243527 404244403 404248476 404252108 404252393 404252807 404252936 404253074
94 4 866550430
39 3671 348787 33134778
87 19 639854654
350970905 628064502 634895973 638537109 638705233 639405831 639527475 639766144 639786363 639791969 639808623 639848885 639853036 639854148 639854425 639854583 639854622 639854653 639854654
97 18 147745835
128775216 130831630 131933431 147386763 147680952 147745694 147745712 147745718 147745733 147745795 147745814 147745817 147745818 147745821 147745830 147745832 147745834 147745835
4 10 198973940
31 162 818 4070 20388 101976 509860 2549271 12746385 63731886
56 4 30543171
74 4233 241215 13749264
9 6 55558251
81 757 7549 75531 755350 7553456
1 1 7
1
96 25 388992557
170415829 284043564 322553374 371867700 384990209 386281928 386287533 388040233 388329777 388674707 388818325 388822773 388919736 388967057 388983689 388985703 388986312 388991768 388991867 388991959 388992419 388992540 388992553 388992555 388992557
1 5 5
1 2 3 4 5
6 9 561211972
58 350 2510 17572 123025 861184 6028243 42197729 295384037
8 7 109851034
94 791 7169 64439 579996 5219991 46979889
3 10 7862225
16 49 294 1113 4496 17996 71934 287717 1150880 4603556
65 17 949382098
158592978 516860563 824582082 921099083 941895126 947224914 947943804 948745528 949291664 949368237 949372963 949373737 949378329 949379676 949381872 949381980 949382051
