100
1 2 3
2 3
1 1 14
1
1 3 26
7 24 26
1 2 16
12 14
1 1 30
1
1 4 8
5 6 7 8
1 1 28
2
1 3 29
13 24 29
1 2 27
3 7
1 3 15
4 6 11
1 1 7
1
1 2 19
16 19
1 1 20
17
1 3 23
4 6 11
1 3 6
1 2 5
1 4 16
1 2 4 8
1 2 30
5 9
1 2 27
22 27
1 2 24
19 24
1 3 22
4 16 19
1 3 12
5 9 10
1 5 30
1 2 4 8 15
1 3 27
5 9 17
1 2 20
15 20
1 1 27
2
1 2 28
5 28
1 2 29
7 19
1 1 25
20
1 3 12
8 11 12
1 1 25
1
1 2 22
10 17
1 2 27
4 9
1 2 5
2 5
1 5 16
1 2 4 8 16
1 1 25
23
1 1 20
1
1 1 4
1
1 1 4
2
1 2 24
4 7
1 1 7
7
1 2 18
4 9
1 1 20
18
1 3 16
4 7 16
1 2 3
1 2
1 1 5
1
1 3 21
3 7 13
1 2 10
4 5
1 2 9
6 8
1 1 30
30
1 1 21
2
1 3 26
12 21 23
1 1 1
1
1 2 21
8 13
1 1 30
30
1 3 20
3 4 9
1 1 5
4
1 1 20
1
1 3 15
4 8 13
1 3 20
3 6 14
1 2 11
8 9
1 1 11
5
1 1 2
1
1 3 25
5 7 13
1 2 9
4 9
1 1 29
4
1 2 20
15 16
1 2 15
2 14
1 1 21
12
1 1 22
10
1 3 13
8 10 11
1 1 2
1
1 1 2
2
1 3 8
1 2 8
1 3 24
14 21 23
1 2 26
21 25
1 1 5
3
1 3 24
3 6 13
1 1 1
1
1 1 7
5
1 3 21
3 6 12
1 2 18
12 14
1 1 16
3
1 4 20
9 17 18 20
1 2 29
2 6
1 3 28
12 23 26
1 1 17
17
1 1 1
1
1 1 26
25
1 5 5
1 2 3 4 5
1 2 23
12 13
1 1 8
4
1 3 25
11 16 24
1 4 29
3 8 14 28
1 4 28
14 26 27 28
1 3 13
6 9 11
1 2 19
3 4
1 4 30
5 8 14 30
1 1 29
28
1 1 11
5
1 3 29
25 28 29
